1111111111111111
0000000011
0111111101
0000001001
0111010001
0001100001
0010010001
0110000001
0101100001
0111011001 t1l
0101001001 t1h
0001001011
0110001001
0000101111
0100001001
0100111001
0010001001
0101101001
0100001001
0000111101
0100001001
0000011011
0100001001
0100111001
0110001001
0101111011
0010001001
0111111111
0111101001
0111001111
0100001001
0111100101
0000001001
0001101011
0100001001
0010000111
0000001001
0110000111
0000011101
0000000001
0000011001
0000000101
0000000001
0000000001
0000000001
0000000001
0011110011
0100000001
0000000001
0000000001
0000000001
0000000001
0010010111
0110001001
0110001001
0000000001
0000000001
0100000001
0000000001
0100000001
0000000001
0000000001
0000000001
0100000001
0111100011